0 0.4404296875 0.4791666666666667 0.4580078125 0.5 0.5185546875 0.5277777777777778 0.5380859375 0.5277777777777778 0.5546875 0.5017361111111112 0.560546875 0.453125 0.5576171875 0.4340277777777778 0.4462890625 0.3819444444444444 0.41796875 0.3802083333333333 0.4140625 0.4288194444444444 0.4404296875 0.4791666666666667
0 0.32421875 0.5538194444444444 0.3349609375 0.5694444444444444 0.4755859375 0.5763888888888888 0.48046875 0.5642361111111112 0.4326171875 0.4305555555555556 0.3544921875 0.4340277777777778 0.3369140625 0.4375 0.33203125 0.4496527777777778 0.314453125 0.5190972222222222 0.32421875 0.5538194444444444
0 0.505859375 0.546875 0.51953125 0.5850694444444444 0.5263671875 0.59375 0.6044921875 0.6180555555555556 0.6240234375 0.6180555555555556 0.638671875 0.5954861111111112 0.650390625 0.4427083333333333 0.650390625 0.4253472222222222 0.642578125 0.390625 0.5966796875 0.3680555555555556 0.5791015625 0.375 0.5625 0.390625 0.505859375 0.5364583333333334 0.505859375 0.546875
0 0.5380859375 0.3784722222222222 0.5576171875 0.3819444444444444 0.6318359375 0.34375 0.634765625 0.3211805555555556 0.6220703125 0.2951388888888889 0.6123046875 0.2916666666666667 0.5458984375 0.3229166666666667 0.53125 0.3385416666666667 0.529296875 0.3628472222222222 0.5380859375 0.3784722222222222
0 0.3193359375 0.3923611111111111 0.3779296875 0.3819444444444444 0.4560546875 0.3506944444444444 0.4677734375 0.34375 0.46875 0.3315972222222222 0.4423828125 0.2916666666666667 0.3974609375 0.2951388888888889 0.3505859375 0.3125 0.3232421875 0.3368055555555556 0.31640625 0.3524305555555556 0.314453125 0.390625 0.3193359375 0.3923611111111111
0 0.4541015625 0.3472222222222222 0.4658203125 0.34375 0.4814453125 0.3229166666666667 0.490234375 0.3003472222222222 0.4697265625 0.3020833333333333 0.462890625 0.3107638888888889 0.451171875 0.3385416666666667 0.4541015625 0.3472222222222222
0 0.3857421875 0.3333333333333333 0.412109375 0.3107638888888889 0.4033203125 0.2986111111111111 0.3798828125 0.2986111111111111 0.3466796875 0.3159722222222222 0.3486328125 0.3298611111111111 0.3857421875 0.3333333333333333
0 0.2890625 0.4045138888888889 0.29296875 0.6059027777777778 0.2958984375 0.6145833333333334 0.341796875 0.3940972222222222 0.3251953125 0.3298611111111111 0.3115234375 0.3159722222222222 0.2919921875 0.3229166666666667 0.2890625 0.328125 0.2890625 0.4045138888888889
0 0.6044921875 0.6180555555555556 0.6259765625 0.6145833333333334 0.62890625 0.5989583333333334 0.625 0.5746527777777778 0.6064453125 0.5416666666666666 0.6015625 0.5572916666666666 0.59765625 0.6128472222222222 0.6044921875 0.6180555555555556
0 0.5458984375 0.5833333333333334 0.576171875 0.5503472222222222 0.580078125 0.5225694444444444 0.578125 0.4739583333333333 0.5751953125 0.46875 0.5595703125 0.46875 0.556640625 0.4739583333333333 0.533203125 0.5572916666666666 0.53125 0.5815972222222222 0.5458984375 0.5833333333333334
0 0.5634765625 0.4479166666666667 0.6396484375 0.4548611111111111 0.6484375 0.4496527777777778 0.6484375 0.4184027777777778 0.6416015625 0.3888888888888889 0.5927734375 0.3680555555555556 0.5791015625 0.375 0.560546875 0.3975694444444444 0.55859375 0.4322916666666667 0.5634765625 0.4479166666666667
0 0.3349609375 0.5694444444444444 0.4033203125 0.5972222222222222 0.4482421875 0.6076388888888888 0.4814453125 0.5868055555555556 0.49609375 0.5260416666666666 0.4501953125 0.4826388888888889 0.3388671875 0.5 0.3154296875 0.5138888888888888 0.32421875 0.5538194444444444 0.3349609375 0.5694444444444444