0 0.4560546875 0.5 0.5205078125 0.5277777777777778 0.5380859375 0.5277777777777778 0.552734375 0.5017361111111112 0.560546875 0.4392361111111111 0.5517578125 0.4270833333333333 0.4267578125 0.375 0.4189453125 0.375 0.416015625 0.3871527777777778 0.412109375 0.4288194444444444 0.4560546875 0.5
0 0.3369140625 0.5034722222222222 0.4345703125 0.4861111111111111 0.4375 0.4427083333333333 0.4326171875 0.4305555555555556 0.3564453125 0.4340277777777778 0.3369140625 0.4375 0.33203125 0.4496527777777778 0.330078125 0.4982638888888889 0.3369140625 0.5034722222222222
0 0.4638671875 0.5694444444444444 0.46875 0.5642361111111112 0.4599609375 0.5555555555555556 0.4423828125 0.5590277777777778 0.4404296875 0.5694444444444444 0.4638671875 0.5694444444444444
0 0.32421875 0.5538194444444444 0.3349609375 0.5694444444444444 0.3740234375 0.5729166666666666 0.37890625 0.5677083333333334 0.384765625 0.5052083333333334 0.3818359375 0.5 0.3427734375 0.5 0.3154296875 0.5138888888888888 0.314453125 0.5225694444444444 0.32421875 0.5538194444444444
0 0.3173828125 0.3958333333333333 0.41015625 0.3142361111111111 0.3955078125 0.2881944444444444 0.3798828125 0.2916666666666667 0.3291015625 0.3298611111111111 0.31640625 0.3489583333333333 0.314453125 0.359375 0.3125 0.390625 0.3173828125 0.3958333333333333
0 0.318359375 0.4184027777777778 0.3310546875 0.4409722222222222 0.4111328125 0.4305555555555556 0.4716796875 0.3923611111111111 0.4765625 0.3871527777777778 0.4765625 0.3767361111111111 0.466796875 0.3350694444444444 0.4443359375 0.2986111111111111 0.4189453125 0.2986111111111111 0.3251953125 0.3854166666666667 0.31640625 0.4010416666666667 0.318359375 0.4184027777777778
0 0.5048828125 0.3645833333333333 0.5400390625 0.3819444444444444 0.5634765625 0.3819444444444444 0.6318359375 0.3472222222222222 0.634765625 0.3211805555555556 0.6201171875 0.2916666666666667 0.6083984375 0.2916666666666667 0.501953125 0.3350694444444444 0.5 0.3559027777777778 0.5048828125 0.3645833333333333
0 0.48046875 0.3940972222222222 0.46875 0.328125 0.4423828125 0.2916666666666667 0.3818359375 0.2916666666666667 0.3583984375 0.3055555555555556 0.3203125 0.3420138888888889 0.3154296875 0.3923611111111111 0.48046875 0.3940972222222222
0 0.509765625 0.5607638888888888 0.521484375 0.5954861111111112 0.5322265625 0.6076388888888888 0.6025390625 0.6180555555555556 0.6259765625 0.6145833333333334 0.6357421875 0.6041666666666666 0.640625 0.5885416666666666 0.650390625 0.453125 0.650390625 0.4253472222222222 0.64453125 0.3940972222222222 0.6376953125 0.3854166666666667 0.5908203125 0.3680555555555556 0.560546875 0.3975694444444444 0.505859375 0.5364583333333334 0.509765625 0.5607638888888888
0 0.4521484375 0.6076388888888888 0.5048828125 0.5659722222222222 0.5078125 0.5538194444444444 0.498046875 0.5260416666666666 0.4892578125 0.5173611111111112 0.4404296875 0.5763888888888888 0.4453125 0.6024305555555556 0.4521484375 0.6076388888888888
0 0.32421875 0.5538194444444444 0.3310546875 0.5659722222222222 0.3447265625 0.5729166666666666 0.4501953125 0.5763888888888888 0.4755859375 0.5729166666666666 0.48046875 0.5642361111111112 0.4501953125 0.4861111111111111 0.3974609375 0.4861111111111111 0.3408203125 0.5 0.3154296875 0.5138888888888888 0.314453125 0.5225694444444444 0.32421875 0.5538194444444444
0 0.4736328125 0.3368055555555556 0.498046875 0.3003472222222222 0.4912109375 0.2881944444444444 0.4560546875 0.3055555555555556 0.455078125 0.3177083333333333 0.4736328125 0.3368055555555556