0 0.51171875 0.5642361111111112 0.5302734375 0.6006944444444444 0.6025390625 0.6180555555555556 0.6279296875 0.6145833333333334 0.640625 0.5885416666666666 0.650390625 0.4496527777777778 0.650390625 0.4253472222222222 0.64453125 0.3940972222222222 0.6376953125 0.3854166666666667 0.5908203125 0.3680555555555556 0.5673828125 0.3854166666666667 0.560546875 0.3975694444444444 0.5078125 0.5399305555555556 0.51171875 0.5642361111111112
0 0.4638671875 0.5034722222222222 0.5322265625 0.53125 0.55078125 0.5086805555555556 0.560546875 0.4461805555555556 0.5556640625 0.4305555555555556 0.4833984375 0.3993055555555556 0.4775390625 0.3993055555555556 0.47265625 0.4149305555555556 0.4609375 0.4947916666666667 0.4638671875 0.5034722222222222
0 0.32421875 0.5538194444444444 0.3349609375 0.5694444444444444 0.4619140625 0.5763888888888888 0.478515625 0.5677083333333334 0.4501953125 0.4861111111111111 0.3974609375 0.4861111111111111 0.3388671875 0.5 0.3154296875 0.5138888888888888 0.314453125 0.5225694444444444 0.32421875 0.5538194444444444
0 0.3369140625 0.5034722222222222 0.4345703125 0.4861111111111111 0.4375 0.4392361111111111 0.4326171875 0.4305555555555556 0.3544921875 0.4340277777777778 0.3369140625 0.4375 0.33203125 0.4496527777777778 0.330078125 0.4982638888888889 0.3369140625 0.5034722222222222
0 0.3173828125 0.3958333333333333 0.41015625 0.3142361111111111 0.3994140625 0.2847222222222222 0.3896484375 0.2847222222222222 0.3251953125 0.3333333333333333 0.314453125 0.359375 0.3125 0.390625 0.3173828125 0.3958333333333333
0 0.3642578125 0.3819444444444444 0.3818359375 0.3819444444444444 0.384765625 0.3767361111111111 0.3818359375 0.3506944444444444 0.3623046875 0.3506944444444444 0.359375 0.3628472222222222 0.3642578125 0.3819444444444444
0 0.4150390625 0.3715277777777778 0.4560546875 0.3888888888888889 0.462890625 0.3836805555555556 0.4541015625 0.3472222222222222 0.4208984375 0.3541666666666667 0.4130859375 0.3611111111111111 0.41015625 0.3663194444444444 0.4150390625 0.3715277777777778
0 0.458984375 0.3732638888888889 0.4541015625 0.3506944444444444 0.4287109375 0.3576388888888889 0.4404296875 0.3715277777777778 0.458984375 0.3732638888888889
0 0.341796875 0.4322916666666667 0.3466796875 0.4375 0.4091796875 0.4305555555555556 0.423828125 0.3663194444444444 0.4150390625 0.3611111111111111 0.3466796875 0.40625 0.341796875 0.4149305555555556 0.341796875 0.4322916666666667
0 0.5419921875 0.3819444444444444 0.5693359375 0.3784722222222222 0.6318359375 0.3506944444444444 0.63671875 0.3420138888888889 0.634765625 0.3211805555555556 0.6220703125 0.2916666666666667 0.6083984375 0.2916666666666667 0.53125 0.3350694444444444 0.529296875 0.3663194444444444 0.5419921875 0.3819444444444444
0 0.3447265625 0.4340277777777778 0.4091796875 0.4305555555555556 0.5263671875 0.3680555555555556 0.5625 0.3072916666666667 0.5625 0.296875 0.5224609375 0.2743055555555556 0.4267578125 0.2847222222222222 0.4111328125 0.2951388888888889 0.357421875 0.3559027777777778 0.341796875 0.4184027777777778 0.3447265625 0.4340277777777778
0 0.5478515625 0.6180555555555556 0.5771484375 0.6180555555555556 0.580078125 0.609375 0.5732421875 0.59375 0.5615234375 0.5833333333333334 0.5419921875 0.6041666666666666 0.5390625 0.609375 0.5478515625 0.6180555555555556
0 0.3232421875 0.6284722222222222 0.3291015625 0.6319444444444444 0.5068359375 0.625 0.5390625 0.6128472222222222 0.5087890625 0.5659722222222222 0.3408203125 0.5729166666666666 0.3251953125 0.5798611111111112 0.3125 0.6059027777777778 0.3232421875 0.6284722222222222